>out/data/0seq_0.0_16_500_5/motif.txt_0.000000	16
250000 250000 250000 250000
250000 250000 250000 250000
250000 250000 250000 250000
250000 250000 250000 250000
250000 250000 250000 250000
250000 250000 250000 250000
250000 250000 250000 250000
250000 250000 250000 250000
250000 250000 250000 250000
250000 250000 250000 250000
250000 250000 250000 250000
250000 250000 250000 250000
250000 250000 250000 250000
250000 250000 250000 250000
250000 250000 250000 250000
250000 250000 250000 250000
<
